0 1
0 2
1 0
1 3
2 0
2 4
2 5
3 1
4 2
5 2
5 1
5 6
5 7
5 10
6 5
6 8
6 9
6 11
6 12
7 5
8 6
8 9
9 6
9 8
9 10
10 9
10 5
11 6
12 11
12 5
12 9
12 6
12 13
12 14
12 19
12 43
12 69
12 154
12 168
12 192
12 238
13 12
13 17
13 18
13 24
13 33
13 39
13 55
13 63
13 68
13 75
13 102
13 104
13 124
13 158
14 12
14 15
14 20
14 27
14 30
14 31
14 37
14 201
15 14
15 16
15 22
15 27
15 31
15 37
15 143
15 147
16 14
16 15
16 46
16 106
16 176
17 13
17 18
17 21
17 26
17 33
17 59
17 73
17 79
17 125
17 134
17 141
17 171
17 197
17 199
18 13
18 17
18 23
18 45
18 56
18 94
18 96
18 117
18 122
18 135
18 185
18 256
19 12
19 38
19 155
19 162
20 14
20 15
20 65
20 151
20 198
21 13
21 17
21 24
21 29
21 34
21 55
21 95
21 97
21 103
21 112
21 136
22 15
22 14
22 26
22 28
22 30
22 90
23 18
23 77
23 156
23 464
24 13
24 21
24 40
24 42
24 170
24 172
25 20
25 41
25 101
25 163
25 183
26 17
26 22
27 15
27 14
27 36
27 61
27 159
28 22
28 40
29 21
29 32
30 14
30 22
30 40
30 49
30 118
30 150
31 14
31 15
32 29
32 34
32 54
32 78
32 112
33 17
33 19
33 13
33 35
33 43
33 47
33 165
33 196
33 218
33 223
34 21
34 24
34 32
34 29
34 37
34 67
34 71
34 85
34 143
35 33
35 51
35 72
35 80
35 97
35 116
35 129
35 181
35 206
36 27
36 20
36 48
36 61
36 123
36 163
36 167
36 221
37 34
37 14
37 15
37 35
37 76
37 85
37 184
37 214
37 238
38 19
38 44
38 47
38 58
38 77
38 120
38 121
38 187
39 13
39 17
39 52
39 84
39 138
39 153
39 164
39 169
39 191
39 216
40 30
40 15
40 28
40 24
40 95
40 115
40 160
40 195
40 210
41 25
41 111
41 183
42 24
42 172
43 12
43 33
43 83
43 131
43 154
44 18
44 23
44 38
44 53
44 60
44 87
44 100
44 149
44 175
44 194
45 18
45 56
45 93
45 98
45 108
45 117
45 220
46 16
46 157
47 33
47 38
47 77
47 146
47 202
48 36
48 70
48 163
48 221
49 30
50 24
50 13
50 42
50 85
50 107
50 132
50 142
51 35
51 89
51 90
52 39
52 77
52 84
52 138
52 191
52 216
53 44
53 57
53 60
53 66
53 81
53 82
53 100
53 109
54 32
54 29
55 21
55 17
55 13
55 88
55 212
56 44
56 45
56 18
56 209
57 53
57 127
58 38
58 120
58 187
59 17
59 62
59 74
59 88
59 126
59 189
60 53
60 44
60 204
61 27
61 36
61 14
61 86
61 148
61 152
61 217
62 59
62 64
62 81
62 211
62 219
63 13
63 68
64 62
65 20
65 198
66 53
67 34
68 63
68 13
69 12
69 192
70 48
70 36
70 123
70 167
70 221
71 34
71 67
71 41
71 133
72 35
73 17
74 59
74 126
75 13
75 104
76 61
76 37
76 184
77 52
77 23
77 47
77 19
77 38
77 127
77 190
78 32
78 29
79 17
79 134
79 141
79 199
80 35
80 72
80 116
80 181
80 206
81 66
81 62
81 53
81 130
81 161
82 53
82 45
83 43
83 127
84 52
84 39
84 164
84 216
85 50
85 37
85 34
85 99
85 112
85 131
85 179
86 61
86 99
87 44
87 128
87 137
87 144
88 59
88 55
89 51
89 47
90 22
90 51
90 28
90 193
91 85
91 86
91 177
91 215
92 12
92 26
92 19
93 45
94 18
95 21
95 17
95 40
95 178
95 186
95 208
96 18
96 135
97 32
97 21
97 35
97 116
97 129
98 45
98 108
99 85
99 86
99 114
100 53
100 57
100 44
100 113
101 25
101 111
101 143
101 179
101 183
102 55
102 13
102 77
102 47
102 105
103 21
104 13
104 75
104 110
104 119
104 140
104 203
104 207
105 102
105 97
106 16
106 176
107 50
107 139
108 45
108 98
108 220
109 53
109 66
110 104
110 481
111 25
111 41
111 101
111 163
111 183
112 21
112 34
112 32
112 85
112 139
112 145
113 100
113 162
114 99
114 12
115 40
115 160
116 97
116 35
116 80
116 165
117 18
117 23
117 45
117 156
118 30
118 49
119 104
119 110
119 140
119 203
119 207
120 58
120 38
121 38
121 137
122 64
122 18
122 82
122 166
122 256
123 70
123 36
124 13
125 17
125 79
125 171
126 59
126 74
127 23
127 77
127 60
127 57
127 83
128 87
128 144
129 80
129 35
129 97
129 89
130 81
131 85
131 43
132 50
132 107
132 142
133 71
134 17
134 79
135 18
135 96
135 185
136 103
136 21
137 87
137 121
138 39
138 52
138 84
139 97
139 107
139 112
139 50
139 461
140 104
140 110
140 119
140 203
140 207
141 17
141 79
142 107
142 132
142 50
142 223
143 34
143 15
143 101
143 179
144 87
144 128
145 112
146 47
147 15
147 14
148 61
148 152
148 217
149 44
150 30
150 118
151 20
151 65
151 198
152 61
152 148
153 39
153 52
153 138
153 84
154 12
154 43
155 19
156 117
156 23
157 46
158 13
159 27
160 40
160 115
161 59
161 81
161 126
161 213
162 113
162 19
163 25
163 101
163 36
163 48
163 111
163 174
163 182
164 52
164 39
164 84
165 33
165 116
165 180
166 122
167 70
167 36
167 48
168 12
169 164
169 39
170 24
171 134
171 17
171 125
172 42
172 170
172 24
173 12
173 168
174 163
175 44
175 263
176 16
176 106
176 184
177 91
178 95
178 186
179 143
179 85
179 101
179 14
180 165
181 35
181 80
182 163
183 111
183 101
183 25
183 41
184 176
184 37
184 76
185 18
185 135
186 178
186 95
187 58
187 38
188 57
189 84
189 52
189 104
189 39
189 59
190 77
191 39
191 52
191 84
192 69
192 12
193 90
194 44
194 175
195 115
195 40
195 160
196 33
197 17
197 125
197 134
198 65
198 20
198 151
199 17
199 79
200 102
201 14
201 15
201 147
202 47
202 146
203 104
203 119
203 140
204 60
205 26
206 72
206 35
206 80
207 119
207 203
207 104
207 110
207 140
208 186
208 95
209 56
210 40
211 62
211 261
212 55
213 161
214 37
215 91
216 84
216 39
216 191
216 52
217 61
217 148
218 33
218 51
218 187
219 62
219 211
220 108
220 45
221 48
221 70
221 36
221 123
222 165
222 180
223 33
223 142
223 13
223 43
223 225
223 226
223 234
224 223
224 226
224 227
224 230
224 233
225 223
225 227
225 234
226 223
226 224
226 228
226 229
226 235
227 225
227 224
227 230
227 233
228 226
228 229
229 226
229 228
229 231
229 461
230 224
230 227
230 236
231 229
231 232
232 231
233 224
233 223
233 227
234 225
234 223
235 226
235 228
236 230
237 228
238 52
238 192
238 12
238 37
238 187
238 239
238 240
238 241
238 246
238 247
238 255
239 238
239 242
239 243
239 244
239 254
239 255
240 238
241 238
241 245
241 247
241 249
241 251
241 254
242 239
242 244
243 239
243 255
243 261
244 239
244 242
245 241
245 246
245 248
245 249
246 238
246 245
246 250
247 238
247 241
248 245
249 245
249 241
250 246
251 241
251 252
251 253
252 251
252 253
253 252
253 251
254 239
254 241
255 243
255 238
255 249
255 239
256 18
256 87
256 156
256 122
256 257
256 259
257 256
257 258
258 257
258 260
259 256
260 258
261 189
261 211
261 243
261 26
261 126
261 262
262 261
263 122
263 175
263 231
263 243
263 127
263 264
263 266
263 315
263 321
263 333
263 336
263 342
264 263
264 265
264 267
264 270
264 291
264 307
264 343
264 359
264 492
265 264
265 268
265 271
265 273
265 274
265 282
265 284
265 288
265 338
266 263
266 272
266 279
266 294
266 318
266 322
266 324
266 381
266 405
267 264
267 269
267 303
267 305
267 310
267 346
267 373
268 265
268 274
268 275
268 285
268 286
268 311
268 317
268 355
269 267
269 326
269 361
269 375
269 378
270 264
270 348
270 351
270 407
271 265
271 272
271 276
271 278
271 280
271 282
271 284
271 287
271 289
271 297
271 308
271 309
271 347
271 350
271 364
271 366
271 399
271 423
271 448
271 452
271 481
272 271
272 266
272 275
272 279
272 345
273 265
273 275
273 277
273 316
273 409
274 265
274 268
274 285
274 299
274 300
274 301
274 455
275 273
275 272
275 268
275 326
275 371
275 408
276 271
276 278
276 280
276 452
277 265
277 273
277 291
278 271
278 276
278 287
278 293
278 322
278 323
278 328
278 398
278 403
278 416
279 272
279 266
279 290
279 314
280 271
280 276
280 284
280 297
280 308
280 350
281 264
281 270
281 295
281 302
281 320
281 327
281 367
281 385
281 413
281 422
282 271
282 265
282 289
282 385
282 425
283 265
283 338
284 265
284 271
284 280
284 329
284 429
284 440
285 268
285 265
285 274
285 338
285 376
285 410
286 268
286 317
286 355
287 271
287 278
287 296
287 303
287 312
287 384
287 393
287 403
287 424
287 450
288 283
288 265
289 282
289 271
289 438
290 279
291 277
291 264
291 292
291 360
291 376
292 277
292 291
292 327
292 344
293 278
293 312
293 321
293 417
293 428
294 266
294 433
294 443
295 281
295 327
295 386
296 287
296 269
297 280
297 276
297 271
297 298
297 309
297 347
297 364
297 377
297 452
298 271
298 297
298 301
298 303
298 313
298 330
298 335
298 374
298 397
298 441
298 479
299 267
299 274
299 306
299 313
300 274
300 301
300 313
300 371
300 401
300 418
301 300
301 274
301 298
301 420
301 460
302 281
302 282
302 264
302 385
303 298
303 287
303 299
303 267
303 310
303 330
303 388
303 395
303 457
303 481
304 300
304 358
304 415
305 267
305 373
306 299
306 314
306 363
307 264
307 270
307 351
307 359
308 280
308 276
308 271
308 309
308 364
308 368
308 377
308 423
309 271
309 280
309 297
309 308
309 350
309 368
309 423
309 448
310 303
310 267
310 325
310 337
310 357
310 372
310 414
311 268
311 286
312 293
312 287
312 271
312 331
312 380
312 400
313 300
313 298
313 299
313 301
313 346
313 382
313 391
313 426
314 287
314 306
314 279
315 263
315 349
315 356
315 362
315 369
315 442
316 273
316 338
316 371
317 268
317 282
317 299
317 286
317 319
317 383
317 427
317 436
317 445
318 266
318 394
319 317
319 332
320 295
320 281
320 327
320 367
320 386
320 422
321 293
321 263
321 323
321 342
322 278
322 266
323 278
323 321
324 266
324 318
325 310
325 357
326 269
326 275
326 334
326 412
326 421
327 320
327 295
327 281
327 292
327 339
327 353
327 370
327 391
328 278
329 284
330 301
330 303
330 298
330 390
330 404
330 437
331 312
331 380
331 392
332 319
332 331
332 289
332 317
333 263
334 326
334 411
334 421
335 298
336 263
337 310
337 325
338 283
338 265
338 285
338 316
339 264
339 327
339 340
339 354
339 447
339 459
340 339
340 341
340 348
340 354
340 444
340 459
341 340
341 267
341 313
342 321
342 263
343 332
343 264
343 270
343 389
343 432
344 292
344 396
344 454
345 272
346 313
346 267
347 297
347 308
347 271
347 368
347 423
347 452
348 340
348 270
348 339
349 315
349 356
349 362
350 271
350 309
350 280
350 352
350 402
350 428
351 270
351 281
351 307
351 365
352 350
353 327
353 444
354 339
354 340
354 447
354 459
355 268
355 286
355 403
356 349
356 315
357 325
357 310
357 372
357 406
358 304
358 415
359 307
359 270
359 264
360 291
360 344
360 430
360 451
361 269
362 315
362 349
362 369
363 306
364 297
364 280
364 271
364 308
365 351
366 335
366 271
366 280
366 347
367 281
367 320
368 308
368 347
368 271
368 309
369 315
369 349
369 362
369 405
370 327
370 353
371 275
371 316
371 273
371 300
371 387
372 357
372 310
372 397
372 406
372 414
373 267
373 305
374 330
374 298
374 397
375 269
376 285
376 338
376 291
376 410
377 297
377 276
377 308
377 271
378 269
378 412
379 323
379 336
379 431
379 435
380 312
380 331
380 400
381 266
382 313
382 426
383 319
383 317
384 287
385 302
385 281
385 282
386 320
386 295
386 422
387 371
388 303
389 343
389 432
390 330
391 327
391 341
391 376
391 313
392 331
392 312
392 380
393 384
393 287
393 403
393 424
394 318
394 405
395 303
395 457
396 344
397 372
397 298
397 325
397 374
397 419
398 278
398 322
399 271
399 297
399 276
399 308
400 331
400 312
400 380
401 300
402 350
403 287
403 355
403 278
403 393
404 330
404 390
405 266
405 394
405 369
405 446
405 458
406 325
406 357
406 372
406 414
407 264
407 270
408 275
409 273
410 376
410 285
411 334
411 409
411 361
411 271
411 326
412 334
412 326
412 378
413 367
413 281
413 453
414 372
414 310
414 406
415 358
415 304
415 455
416 278
417 293
418 300
418 401
419 397
420 301
420 443
421 326
421 334
422 386
422 281
422 320
422 453
423 309
423 271
423 347
423 308
424 287
424 393
425 282
426 313
426 382
427 317
428 350
428 293
428 456
429 284
430 360
430 451
431 379
431 435
432 389
432 343
433 294
434 312
434 380
434 400
434 331
435 379
435 431
436 317
436 383
437 330
437 301
437 433
437 390
437 439
438 289
439 437
440 284
441 298
442 315
442 362
442 349
442 449
443 301
443 303
443 294
443 420
443 274
444 353
444 340
444 327
445 317
445 436
446 405
446 458
447 339
447 354
447 340
448 271
448 309
448 377
448 347
449 263
449 442
450 287
450 393
451 360
451 430
452 271
452 297
452 347
452 276
453 295
453 422
453 281
453 413
454 344
455 274
455 415
456 428
457 303
457 395
458 405
458 446
459 354
459 339
459 340
460 301
460 420
461 229
461 441
461 139
461 428
461 245
461 462
462 461
462 463
463 462
463 461
464 443
464 141
464 23
464 24
464 104
464 465
464 466
464 467
465 464
465 468
465 470
465 472
465 473
465 474
466 464
467 464
467 470
467 472
467 475
468 465
468 469
468 471
468 478
469 468
469 471
469 478
470 467
470 465
471 469
471 468
471 472
472 471
472 465
472 467
473 465
473 476
474 465
475 467
476 473
476 477
477 476
478 468
478 469
479 330
479 298
479 350
479 313
479 480
480 479
481 271
481 393
481 196
481 110
481 303
481 482
481 483
481 485
481 489
482 481
482 488
483 481
483 484
484 483
485 481
485 486
485 487
486 485
486 490
487 485
488 482
489 481
489 491
490 486
491 489
492 285
492 264
492 36
492 453
492 227
492 493
492 495
493 492
493 494
493 495
493 498
494 493
494 497
495 492
495 493
495 496
495 499
496 495
497 494
498 493
498 499
499 498
499 495
